2033.1
2027.6
2023.5
2055.1
2086
2120.5
2132.6
2135
2105.6
2098.4
2120
2102.3
2184.9
2251.5
2338.5
2383.3
2415.7
2457.5
2508.2
2513.7
2540.6
2546
2564.4
2648.6
2697.9
2718.7
2703.4
2662.5
2649.8
2652.6
2682.6
2735.1
2813.2
2859
2897.6
2915
2903.7
2927.7
2925
2973.2
2992.2
2985.7
3014.9
2983.7
2906.3
2925.4
2993.1
3063.1
3121.9
3192.4
3194.7
3203.8
3275.8
3258.1
3274
3232
3253.8
3309.1
3372.6
3438.7
3500.1
3531.7
3575.1
3586.8
3626
3666.7
3747.3
3771.8
3851.4
3893.3
3954.1
3966.3
4062.3
4113.6
4205.1
4302
4406.7
4421.7
4459.2
4495.8
4535.6
4538.4
4581.3
4615.9
4710
4788.7
4825.8
4844.8
4920.6
4935.6
4968.2
4943.9
4936.6
4943.6
4989.2
4935.7
5069.7
5097.2
5139.1
5151.2
5246
5365
5415.7
5506.4
5642.7
5704.1
5674.1
5728
5678.7
5692.2
5638.4
5616.5
5548.2
5587.8
5683.4
5760
5889.5
5932.7
5965.3
6008.5
6079.5
6197.7
6309.5
6309.7
6329.8
6574.4
6640.5
6729.8
6741.9
6749.1
6799.2
6816.2
6837.6
6696.8
6688.8
6813.5
6947
6895.6
6978.1
6902.1
6794.9
6825.9
6799.8
6802.5
6892.1
7049
7189.9
7339.9
7483.4
7612.7
7686.1
7749.2
7824.2
7893.1
8013.7
8073.2
8148.6
8185.3
8263.6
8308
8369.9
8460.2
8533.6
8680.2
8725
8839.6
8891.4
9009.9
9101.5
9171
9238.9
9257.1
9358.3
9392.3
9398.5
9312.9
9269.4
9341.6
9388.8
9421.6
9534.3
9637.7
9733
9834.5
9851
9908.3
9955.6
10091
10189
10327
10387.4
10506.4
10543.6
10575.1
10665.1
10737.5
10817.9
10998.3
11097
11212.2
11284.6
11472.1
11615.6
11715.4
11832.5
11942
12091.6
12287
12403.3
12498.7
12662.4
12877.6
12924.2
13160.8
13178.4
13260.5
13222.7
13300
13244.8
13280.9
13397
13478.2
13538.1
13559
13634.3
13751.5
13985.1
14145.6
14221.1
14329.5
14465
14609.9
14771.6
14839.8
14972.1
15066.6
15267
15302.7
15326.4
15456.9
15493.3
15582.1
15666.7
15762
15671.4
15752.3
15667
15328
15155.9
15134.1
15189.2
15356.1
15415.1
15557.3
15672
15750.6
15712.8
15825.1
15820.7
16004.1
16129.4
16198.8
16220.7
16239.1
16383
16403.2
16531.7
16663.6
16616.5
16841.5
17047.1
17143
17277.6
17405.7
17463.2
17468.9
17556.8
17639.4
17735.1
17824.2
17925.3
18021
18163.6
18322.5
18438.3
18598.1
18732.7
18783.5
18927.3
19021.9
19121.1
19219.8