157310
160177
163101
166981
170666
173289
176986
180017
182792
186247
188921
191784
195576
199242
202157
205708
209258
212615
216604
221582
224925
229616
234127
239454
243950
249219
253709
258098
264171
267775
269879
275716
278379
279616
278095
276342
269883
268080
267667
267360
269135
268461
269037
270512
269181
268986
266730
263793
262730
260020
258818
254396
257197
256492
256110
255853
257703
258585
260038
262623
268094
270627
273121
275270
277417
279123
282308
284119
287756
291535
293175
297558
298352
301749
304323
307852
311179
311955
312955
317621