2151001
1979309
2241437
2279970
2183564
2185440
2297155
1930049
1895492
2118301
2168780
2057521
1867664
2020379
2261243
2067921
2123240
2197144
2614400
1761697
2027295
2119662
2173192
2105557
2055008
2249689
2622991
2355591
2461491
2394436
2540013
2154231
2186734
2480404
2519807
2489789
2505221
2356620
2496090
2337204
2690070
2730644
2514066
2390372
2464878
2498877
2609129
2567557
2508241
2438781
2821025
2780027
2687923
2871412
2855063
2528055
2520138
2668163
2574090
2609763
2727880
2546914
2614970
2665989
2974517
2806510
3021439
2835513
2580070
2967913
2584109
2671713
2633997
2636670
2945897
2648681
3272566
2852782
3210854
2868314
3034868
3107064
3251087
3048682
3007765
2843305
3290878
3318044
3429799
3534403
3864152
3214035
3350776
3298567
3524286
3521609
3474262
3342336
3849190
3928053
3956550
3740482
4082260
3604542
3773398
3577850
3838994
3870940
3632700
3608806
4076126
3869700
4027829
4145123
4145110
3988385
3889412
4038070
4152234
4083980
4140512
3934246
4309058
4102401
4512496
4145520
4674604
4195117
4250619
4584149
4359016
4181724
4413159
3982638
4367093
4582212
5047457
4816229
4741298
4449154
3862818
4345208
3705739
3496244
3392850
3239336
3375460
3474819
3718598
3430148
4057524
3792129
3496457
3658101
3602271
3743025
3378897
3262012
3575946
3431379
3586711
3759604
4053236
3675157
3769540
3938439
3795505
3761460
3872452
3859217
3632049
3556981
3973570
3811997
3966746
3780529
3584185
3429344
3628868
3195383
3285833
3361275
3449021
3639521
3726167
3977171
3749737
3623584
3617620
3531937
3309049
3299526
3358798
2905706
3558659
3470858
3858712
3928664
4036313
3749120
3744129
3449489
3271163
3102712
3463835
3569091
3747607
3771794
3963030
4033063
4606835
3941487
3895981
4305055
3748876
3300202
3538843
3134199
3925784
4166390
4477600
4171150
4059055
3509384
4187341
3806179
4021099
4052718
3460460
3409516
4306381
4066982
4552627
4528030
4751663
4092473
4016240
4028067
3577129
3863434
3656864
5071105
5219031
4360276
5465652
4901731
5961005
5551124
5277576
5462894
5342227
5097455
5625907
5118247
5817873
5371930
6204375
5772636
6644377
5365945
5164905
5700404
5307313
5662346
5239968
5528891
5426436
6032083
6469078
5807330
6140502
5660433
5659142
5612785
5127224
4989513
5407026
4749723
4974736
4437166
4204412
4300380
5000611
4722682
4691836
5356067
5677879
5974910
5251474
5199952
5709420
5755033
5410693
5387188
5842818
5824931
5584074
5225307
5626424
5593267
5710504
5590253
6639825
5952294
6644181
5804253
6364092
5980609
5357427
5501226
5353769
6006192
5103757
4903162
5578382
5484865
5989973
5393943
5434465
4923398
5020294
5409701
5696872
5087122
5049104
5517915
6277072
5984123
6454096
6547807
6134759
5695968
5520612
5905294
5496297
5120285
4831427
5309825
6466109
5957020
6201186
5947155
6292087
5966330
5488668
6433878
5666375
5664101
